   3.5220670e-02   7.5338971e-10   1.0976413e-09  -2.1936600e-14  -3.4166276e-15  -9.8978222e-15   8.5424210e-10   3.2525576e-10  -1.5558984e-09   2.2642283e-15  -2.6874182e-15   1.4806014e-14  -5.3389200e-10  -5.3320310e-10   3.1260141e-10  -8.4711611e-15  -4.1613095e-15   1.3792481e-15  -9.7307674e-15  -1.0918235e-14  -6.3193858e-16  -1.8733881e-02  -7.4884466e-03   5.1346509e-03   1.8638705e-14  -7.1226791e-15   6.5707574e-15  -8.1834927e-03  -2.0554278e-03   1.0062405e-02  -8.3427584e-15  -1.1237216e-14  -3.7103553e-16   3.9480919e-03  -1.9354910e-02   1.5634982e-02
   7.5338971e-10   3.5220669e-02  -9.1513416e-10   4.9481910e-15   6.5725797e-15  -1.5427185e-14  -8.6465876e-10   6.0425383e-10  -1.0379783e-09   1.3211540e-14   8.0217398e-16   1.1726109e-14  -1.3688105e-10  -1.1049341e-09   4.2060918e-10   5.4708302e-15  -4.5202955e-16  -6.4873430e-15  -6.2794690e-16  -2.2861479e-14   8.9071631e-15  -4.9182200e-03  -1.2106008e-02   1.1156863e-03   6.3369456e-15   1.5775622e-14   3.5373482e-15  -1.5474404e-02   1.3324762e-02  -9.5053721e-03  -9.6052206e-15   3.4303317e-15  -4.2278805e-15   2.0808663e-02   6.9566842e-03  -8.9305729e-03
   1.0976413e-09  -9.1513416e-10   3.5220670e-02   9.7706496e-15  -1.5738397e-15  -1.0619309e-14  -2.4803743e-10   9.6003114e-10   9.0370543e-10  -4.7390941e-15   2.3430851e-14  -1.8053445e-14  -1.1996313e-10  -2.4795440e-10  -9.7590996e-10  -1.4748736e-14  -2.0624857e-14   9.9837393e-15   1.2151620e-14   4.2561178e-15  -1.2742496e-14  -2.1950296e-02   1.1482222e-02  -4.6317426e-03  -1.1769744e-14   1.2645482e-14   6.9867817e-15   1.5565710e-02   1.5027119e-02  -9.6222745e-03   3.5943825e-15   6.0234308e-15  -4.2535042e-15  -2.2558545e-03  -2.6690665e-03  -5.6993173e-03
  -2.1936600e-14   4.9481910e-15   9.7706496e-15   3.0479410e-02   1.0932112e-03  -3.2176852e-03   2.2909863e-15   1.8467650e-14  -1.0174291e-14   8.8051401e-03   1.9841383e-02  -1.4578548e-02   5.9468829e-15  -6.5537211e-15   4.5122006e-15  -1.0281893e-02  -8.3167308e-03   7.7582622e-03  -2.6790401e-17  -2.7523129e-17   6.6080615e-18  -3.3999856e-15   1.3093103e-14  -1.1676709e-14  -3.1220194e-17   2.4470204e-17  -1.2651852e-17   6.0523953e-15  -1.7279081e-15   2.7121877e-15  -1.1342449e-17   1.6473672e-17   3.7500691e-17   8.5379456e-15   1.9485369e-14  -1.5168793e-14
  -3.4166276e-15   6.5725797e-15  -1.5738397e-15   1.0932112e-03   1.9215209e-02  -1.2238554e-02   9.0150361e-16  -1.1782975e-15   3.5625848e-15   1.9841383e-02  -8.9373256e-03   7.9810757e-03   6.1234214e-15   1.3628510e-15  -3.3130034e-15  -8.3167308e-03   4.1741808e-03   5.3057337e-03  -7.2447099e-18   3.5184177e-18   2.3199044e-17   4.9245967e-15  -5.2887438e-15  -1.8029993e-16  -4.8720996e-17   1.6202440e-17   2.1070679e-17   1.7614554e-15   7.3390791e-15   7.7813738e-16  -3.9915018e-17   4.0079759e-17   2.5455621e-17   2.5717440e-15   5.0668999e-15  -8.2199171e-16
  -9.8978222e-15  -1.5427185e-14  -1.0619309e-14  -3.2176852e-03  -1.2238554e-02   1.1310028e-02   1.6102851e-14   1.1679779e-14  -3.3093693e-15  -1.4578548e-02   7.9810757e-03   1.3218820e-04   3.5393798e-15   6.8272004e-15   3.0970028e-15   7.7582622e-03   5.3057337e-03   6.1077094e-03  -2.4863338e-17  -1.5457152e-17  -3.5436969e-17   5.9394395e-15  -3.5383328e-15  -1.0393316e-14   2.3090948e-17   2.3368917e-17  -2.0081942e-17   2.0596438e-15  -1.2262103e-14   1.5039755e-14   1.0197091e-17  -3.1499531e-17   1.3828392e-17  -1.4559619e-14   1.0320190e-14  -5.6380972e-15
   8.5424210e-10  -8.6465876e-10  -2.4803743e-10   2.2909863e-15   9.0150361e-16   1.6102851e-14   3.5220672e-02  -6.7937396e-10   1.0110495e-10  -2.3764263e-14  -1.6059495e-15  -1.9789298e-14  -1.4426766e-09   2.6058330e-10   5.0749394e-10  -2.9585532e-15  -9.1360746e-15   2.2423518e-15   1.7674731e-14  -9.3550395e-15  -9.1620641e-15  -1.1898001e-02  -1.0151539e-02   4.5537039e-03  -3.0958742e-15   1.2462393e-15  -1.7489306e-14  -7.3490009e-03   5.2819859e-03   1.2840744e-02   2.4252190e-14   1.0022611e-14  -2.0893520e-14  -2.0182127e-02   1.6861328e-02  -6.0606879e-03
   3.2525576e-10   6.0425383e-10   9.6003114e-10   1.8467650e-14  -1.1782975e-15   1.1679779e-14  -6.7937396e-10   3.5220669e-02  -1.2335526e-10   3.2946267e-15  -3.1903370e-15  -1.5831880e-14   2.8171586e-10  -1.6964264e-09  -4.7779837e-10   7.7611659e-15   4.6809169e-15  -1.1254022e-14   3.1484666e-15   1.2170122e-14   2.0092546e-15  -1.0826772e-02  -5.5517748e-03  -1.1278177e-02  -1.2561633e-14  -4.5090929e-15   1.7180000e-14   1.0595616e-02  -1.9900730e-02   1.0718229e-02   4.5423617e-17   1.8326675e-14   7.9812100e-15   1.3443129e-02   7.0446602e-03  -1.0570180e-02
  -1.5558984e-09  -1.0379783e-09   9.0370543e-10  -1.0174291e-14   3.5625848e-15  -3.3093693e-15   1.0110495e-10  -1.2335526e-10   3.5220670e-02   2.3753302e-14  -2.1849412e-14  -1.4068036e-14   4.8183591e-10  -5.1531220e-10  -1.1544246e-09  -1.8962928e-14  -1.4019148e-14   1.7281136e-16  -1.0960142e-14  -2.8093364e-16   1.4031449e-14   5.8332508e-03  -1.9491493e-02   1.6910433e-02  -2.8299298e-15  -3.3910814e-15   1.3882786e-14   1.8768413e-02   4.2575714e-03   3.7423910e-04  -7.1568815e-15  -3.7004353e-15   1.8582564e-14  -2.9786177e-04  -9.2745605e-03  -9.1632083e-03
   2.2642283e-15   1.3211540e-14  -4.7390941e-15   8.8051401e-03   1.9841383e-02  -1.4578548e-02  -2.3764263e-14   3.2946267e-15   2.3753302e-14   2.2940644e-02  -5.6620787e-03   2.8808378e-03   5.7588256e-16   8.7448540e-15  -1.1548323e-14  -1.1713711e-02  -7.1207542e-04   3.3721522e-03  -1.7901519e-18   2.4730703e-18   3.3299911e-17   1.1472085e-14  -2.0476015e-14   2.7094099e-15  -5.3472190e-17   8.6567038e-18   2.1096622e-17   1.3953170e-14   1.1989749e-15  -1.3649386e-14  -3.7033990e-17   4.6848073e-17   2.2511424e-17   1.9555313e-14  -1.1526535e-14   2.9353233e-15
  -2.6874182e-15   8.0217398e-16   2.3430851e-14   1.9841383e-02  -8.9373256e-03   7.9810757e-03  -1.6059495e-15  -3.1903370e-15  -2.1849412e-14  -5.6620787e-03   2.2552926e-02  -8.9956962e-03  -2.6580720e-15  -7.9627914e-16  -6.5259693e-15  -7.1207542e-04   1.0608721e-03   1.4673477e-02  -5.2363998e-17  -3.8592338e-17  -3.2080130e-17  -1.7658480e-14   1.8829566e-14  -1.2401833e-14  -8.2401131e-18   5.1179844e-17  -2.8387139e-17  -1.0112562e-15   6.5650045e-15  -1.3014103e-14  -6.6908585e-18  -1.5388920e-17   5.1797408e-17  -7.0122380e-16   6.4747764e-15   7.6567916e-15
   1.4806014e-14   1.1726109e-14  -1.8053445e-14  -1.4578548e-02   7.9810757e-03   1.3218820e-04  -1.9789298e-14  -1.5831880e-14  -1.4068036e-14   2.8808378e-03  -8.9956962e-03   1.5511079e-02   3.4472367e-15   5.2227872e-15  -1.2500308e-14   3.3721522e-03   1.4673477e-02   1.0652834e-02  -2.7639866e-17  -2.7285266e-18  -1.7720731e-17   1.2813913e-14  -3.7548359e-15  -4.4178444e-15  -1.7906013e-17   3.7753758e-17   6.6862404e-18  -1.9111293e-14   2.5089538e-15  -8.8776149e-15  -3.1419747e-17   3.4367198e-18   3.1822256e-17   1.5057021e-14  -8.1773501e-15   2.6099485e-14
  -5.3389200e-10  -1.3688105e-10  -1.1996313e-10   5.9468829e-15   6.1234214e-15   3.5393798e-15  -1.4426766e-09   2.8171586e-10   4.8183591e-10   5.7588256e-16  -2.6580720e-15   3.4472367e-15   3.5220667e-02  -5.0544243e-10   3.0953669e-10  -8.9043609e-15  -7.8952372e-15  -2.3983248e-14   1.2808492e-14   5.9938895e-16   1.3338426e-14   8.5704200e-03   9.9236263e-04  -1.0078975e-02  -1.8168177e-14  -1.5585247e-14  -7.2104527e-15   7.5213703e-03   1.9565919e-02   2.2168668e-02  -2.1042030e-15  -1.9195327e-15   6.9520370e-15   8.6065133e-03   2.5528298e-03   7.2829149e-03
  -5.3320310e-10  -1.1049341e-09  -2.4795440e-10  -6.5537211e-15   1.3628510e-15   6.8272004e-15   2.6058330e-10  -1.6964264e-09  -5.1531220e-10   8.7448540e-15  -7.9627914e-16   5.2227872e-15  -5.0544243e-10   3.5220664e-02  -9.3171180e-10   5.8501784e-15  -1.5062051e-14  -1.5723930e-14   6.3580888e-15   9.9734446e-15   1.4812463e-14   3.1410609e-03  -1.6684388e-02  -2.5611407e-02   3.6081911e-17  -6.8876950e-15   4.1068417e-18  -1.7112782e-03   2.2711696e-03  -7.5265223e-03   8.8873434e-15   1.3780639e-14  -2.0771826e-14  -1.0993351e-02  -1.0391476e-02  -1.6574826e-03
   3.1260141e-10   4.2060918e-10  -9.7590996e-10   4.5122006e-15  -3.3130034e-15   3.0970028e-15   5.0749394e-10  -4.7779837e-10  -1.1544246e-09  -1.1548323e-14  -6.5259693e-15  -1.2500308e-14   3.0953669e-10  -9.3171180e-10   3.5220666e-02   1.5142850e-14  -5.8633007e-15  -3.2742450e-14   1.0011594e-14  -6.8224019e-15   5.1679174e-16   2.7220620e-03   1.0624358e-02   9.9177919e-05  -1.3181363e-14   2.5168825e-16  -3.0010469e-14  -1.0665510e-02   1.6915778e-03   1.1327080e-02   2.0162550e-14   9.2267337e-15   2.4308729e-14  -1.9420604e-03  -1.6610773e-02  -2.4404822e-02
  -8.4711611e-15   5.4708302e-15  -1.4748736e-14  -1.0281893e-02  -8.3167308e-03   7.7582622e-03  -2.9585532e-15   7.7611659e-15  -1.8962928e-14  -1.1713711e-02  -7.1207542e-04   3.3721522e-03  -8.9043609e-15   5.8501784e-15   1.5142850e-14   7.5846001e-03   4.5688670e-03   3.3684613e-04  -4.2215921e-18   5.1334609e-20  -2.2282690e-17   8.0976726e-15   6.3683363e-15  -1.3144052e-14   2.5349607e-17   3.4526060e-18  -8.2484134e-18  -2.0772551e-14  -1.4756406e-14  -1.0165310e-15   1.1888878e-17  -2.4565780e-17  -6.2069751e-18   4.0203630e-15   2.2370078e-15  -1.2695271e-14
  -4.1613095e-15  -4.5202955e-16  -2.0624857e-14  -8.3167308e-03   4.1741808e-03   5.3057337e-03  -9.1360746e-15   4.6809169e-15  -1.4019148e-14  -7.1207542e-04   1.0608721e-03   1.4673477e-02  -7.8952372e-15  -1.5062051e-14  -5.8633007e-15   4.5688670e-03   1.9236502e-02   2.1234245e-02  -6.3282664e-17  -2.4543677e-17  -4.1727577e-17   1.2058369e-14   8.1469912e-15   5.1889125e-15  -2.4069368e-17   7.5037707e-17  -8.1610897e-18  -1.0080307e-14  -1.9730953e-14  -9.3991663e-16  -4.1254935e-17  -6.6792417e-18   6.7082790e-17   1.1326290e-14   1.0915571e-14   7.8636356e-15
   1.3792481e-15  -6.4873430e-15   9.9837393e-15   7.7582622e-03   5.3057337e-03   6.1077094e-03   2.2423518e-15  -1.1254022e-14   1.7281136e-16   3.3721522e-03   1.4673477e-02   1.0652834e-02  -2.3983248e-14  -1.5723930e-14  -3.2742450e-14   3.3684613e-04   2.1234245e-02   3.4183529e-02  -1.0479128e-16  -5.1851793e-17  -5.5267630e-17  -1.2182790e-14   1.9159688e-15   1.9927254e-14  -5.0634093e-17   1.1921279e-16  -2.0561256e-17   9.6762360e-15  -7.5613326e-15  -2.5207602e-14  -6.2483077e-17  -1.0959075e-18   1.1586738e-16  -8.5025620e-15   1.4308243e-14   2.2584382e-14
  -9.7307674e-15  -6.2794690e-16   1.2151620e-14  -2.6790401e-17  -7.2447099e-18  -2.4863338e-17   1.7674731e-14   3.1484666e-15  -1.0960142e-14  -1.7901519e-18  -5.2363998e-17  -2.7639866e-17   1.2808492e-14   6.3580888e-15   1.0011594e-14  -4.2215921e-18  -6.3282664e-17  -1.0479128e-16   1.4339818e-02   9.6852300e-03   8.8484125e-03  -7.5674233e-15   7.1769093e-15  -1.6074955e-14   2.8374899e-03  -1.4569690e-02   6.7420039e-03  -2.2681249e-15   1.1689200e-14   1.1518336e-14   3.2047899e-03   3.6637267e-03  -1.4407420e-02  -1.1844360e-14   1.0072757e-14  -1.1395756e-14
  -1.0918235e-14  -2.2861479e-14   4.2561178e-15  -2.7523129e-17   3.5184177e-18  -1.5457152e-17  -9.3550395e-15   1.2170122e-14  -2.8093364e-16   2.4730703e-18  -3.8592338e-17  -2.7285266e-18   5.9938895e-16   9.9734446e-15  -6.8224019e-15   5.1334609e-20  -2.4543677e-17  -5.1851793e-17   9.6852300e-03   2.2808618e-02  -5.7885805e-03   6.7004198e-15   5.5453381e-15  -1.6158072e-14   5.4015658e-03  -1.1708315e-03   1.9447330e-02   2.1175219e-14  -1.4584326e-14  -1.8737785e-15  -1.4018625e-02  -1.3223916e-03  -1.1698306e-02  -9.8988476e-15  -7.7789298e-16   3.5425750e-15
  -6.3193858e-16   8.9071631e-15  -1.2742496e-14   6.6080615e-18   2.3199044e-17  -3.5436969e-17  -9.1620641e-15   2.0092546e-15   1.4031449e-14   3.3299911e-17  -3.2080130e-17  -1.7720731e-17   1.3338426e-14   1.4812463e-14   5.1679174e-16  -2.2282690e-17  -4.1727577e-17  -5.5267630e-17   8.8484125e-03  -5.7885805e-03   2.3856204e-02   1.4854125e-14  -1.8863094e-14  -8.2617871e-15  -1.5117989e-02  -1.3967809e-02  -1.6666579e-03   2.9406218e-15   4.6564056e-15   4.2060410e-15   4.9472004e-03   1.7887127e-02  -1.8824006e-03   1.1238463e-14  -8.6355598e-15  -1.2509104e-15
  -1.8733881e-02  -4.9182200e-03  -2.1950296e-02  -3.3999856e-15   4.9245967e-15   5.9394395e-15  -1.1898001e-02  -1.0826772e-02   5.8332508e-03   1.1472085e-14  -1.7658480e-14   1.2813913e-14   8.5704200e-03   3.1410609e-03   2.7220620e-03   8.0976726e-15   1.2058369e-14  -1.2182790e-14  -7.5674233e-15   6.7004198e-15   1.4854125e-14   3.5220672e-02  -3.8189010e-11   4.1883366e-11  -4.1461787e-15  -8.7280762e-15  -9.0068758e-15   2.3333163e-10   5.1784546e-11  -7.9641894e-10  -5.1839717e-15  -7.1587984e-15   1.3565984e-14   1.1349835e-10   3.9057579e-10  -3.0917183e-10
  -7.4884466e-03  -1.2106008e-02   1.1482222e-02   1.3093103e-14  -5.2887438e-15  -3.5383328e-15  -1.0151539e-02  -5.5517748e-03  -1.9491493e-02  -2.0476015e-14   1.8829566e-14  -3.7548359e-15   9.9236263e-04  -1.6684388e-02   1.0624358e-02   6.3683363e-15   8.1469912e-15   1.9159688e-15   7.1769093e-15   5.5453381e-15  -1.8863094e-14  -3.8189010e-11   3.5220667e-02  -2.5426957e-09  -9.9522494e-15   5.1103932e-15  -1.5173466e-14  -6.5588552e-11   1.1274092e-11  -4.0876740e-10   5.3674941e-15  -4.3899658e-15   1.1886858e-14   4.9471411e-10  -1.0713179e-09   2.7319724e-10
   5.1346509e-03   1.1156863e-03  -4.6317426e-03  -1.1676709e-14  -1.8029993e-16  -1.0393316e-14   4.5537039e-03  -1.1278177e-02   1.6910433e-02   2.7094099e-15  -1.2401833e-14  -4.4178444e-15  -1.0078975e-02  -2.5611407e-02   9.9177919e-05  -1.3144052e-14   5.1889125e-15   1.9927254e-14  -1.6074955e-14  -1.6158072e-14  -8.2617871e-15   4.1883366e-11  -2.5426957e-09   3.5220666e-02   1.1703333e-14   8.0156837e-15   5.9716166e-16   2.4039922e-10   7.8827655e-10   2.2963699e-10  -8.2217293e-15  -1.8312219e-14   1.8020569e-14  -1.2291902e-09  -7.8587578e-10  -1.0482370e-09
   1.8638705e-14   6.3369456e-15  -1.1769744e-14  -3.1220194e-17  -4.8720996e-17   2.3090948e-17  -3.0958742e-15  -1.2561633e-14  -2.8299298e-15  -5.3472190e-17  -8.2401131e-18  -1.7906013e-17  -1.8168177e-14   3.6081911e-17  -1.3181363e-14   2.5349607e-17  -2.4069368e-17  -5.0634093e-17   2.8374899e-03   5.4015658e-03  -1.5117989e-02  -4.1461787e-15  -9.9522494e-15   1.1703333e-14   2.2131246e-02  -2.9020871e-03  -2.6513417e-03  -1.8643994e-14  -8.5333452e-15  -1.4063887e-14   9.8434006e-03  -1.8780841e-02  -1.1377650e-02  -1.5141535e-15  -6.5569570e-15   1.8721377e-14
  -7.1226791e-15   1.5775622e-14   1.2645482e-14   2.4470204e-17   1.6202440e-17   2.3368917e-17   1.2462393e-15  -4.5090929e-15  -3.3910814e-15   8.6567038e-18   5.1179844e-17   3.7753758e-17  -1.5585247e-14  -6.8876950e-15   2.5168825e-16   3.4526060e-18   7.5037707e-17   1.1921279e-16  -1.4569690e-02  -1.1708315e-03  -1.3967809e-02  -8.7280762e-15   5.1103932e-15   8.0156837e-15  -2.9020871e-03   1.9593648e-02   1.7344920e-03  -4.9170959e-15   6.5399648e-15  -1.9323613e-14  -1.3023863e-02  -4.0616769e-03   1.4320550e-02   4.3502726e-15   8.0307399e-15  -1.0378561e-14
   6.5707574e-15   3.5373482e-15   6.9867817e-15  -1.2651852e-17   2.1070679e-17  -2.0081942e-17  -1.7489306e-14   1.7180000e-14   1.3882786e-14   2.1096622e-17  -2.8387139e-17   6.6862404e-18  -7.2104527e-15   4.1068417e-18  -3.0010469e-14  -8.2484134e-18  -8.1610897e-18  -2.0561256e-17   6.7420039e-03   1.9447330e-02  -1.6666579e-03  -9.0068758e-15  -1.5173466e-14   5.9716166e-16  -2.6513417e-03   1.7344920e-03   1.9279750e-02   2.4062797e-14  -1.2565277e-14  -1.6231632e-14  -1.7679081e-02   4.6881950e-03  -5.7817246e-03   1.7096155e-14   1.4146624e-15   1.5326385e-14
  -8.1834927e-03  -1.5474404e-02   1.5565710e-02   6.0523953e-15   1.7614554e-15   2.0596438e-15  -7.3490009e-03   1.0595616e-02   1.8768413e-02   1.3953170e-14  -1.0112562e-15  -1.9111293e-14   7.5213703e-03  -1.7112782e-03  -1.0665510e-02  -2.0772551e-14  -1.0080307e-14   9.6762360e-15  -2.2681249e-15   2.1175219e-14   2.9406218e-15   2.3333163e-10  -6.5588552e-11   2.4039922e-10  -1.8643994e-14  -4.9170959e-15   2.4062797e-14   3.5220672e-02   3.6982934e-10  -8.1618778e-10  -9.5298230e-15   2.5184285e-15   1.3468236e-14   2.5041537e-11  -5.1057877e-10  -8.0077703e-10
  -2.0554278e-03   1.3324762e-02   1.5027119e-02  -1.7279081e-15   7.3390791e-15  -1.2262103e-14   5.2819859e-03  -1.9900730e-02   4.2575714e-03   1.1989749e-15   6.5650045e-15   2.5089538e-15   1.9565919e-02   2.2711696e-03   1.6915778e-03  -1.4756406e-14  -1.9730953e-14  -7.5613326e-15   1.1689200e-14  -1.4584326e-14   4.6564056e-15   5.1784546e-11   1.1274092e-11   7.8827655e-10  -8.5333452e-15   6.5399648e-15  -1.2565277e-14   3.6982934e-10   3.5220667e-02  -6.9681697e-10   8.9263292e-16  -4.7668645e-15  -3.6765450e-15  -5.4463054e-10  -5.4421891e-10  -1.8803307e-11
   1.0062405e-02  -9.5053721e-03  -9.6222745e-03   2.7121877e-15   7.7813738e-16   1.5039755e-14   1.2840744e-02   1.0718229e-02   3.7423910e-04  -1.3649386e-14  -1.3014103e-14  -8.8776149e-15   2.2168668e-02  -7.5265223e-03   1.1327080e-02  -1.0165310e-15  -9.3991663e-16  -2.5207602e-14   1.1518336e-14  -1.8737785e-15   4.2060410e-15  -7.9641894e-10  -4.0876740e-10   2.2963699e-10  -1.4063887e-14  -1.9323613e-14  -1.6231632e-14  -8.1618778e-10  -6.9681697e-10   3.5220668e-02   1.1450556e-14   2.5460815e-15   1.3715170e-14  -5.0225937e-10   3.2675764e-10  -2.1467823e-10
  -8.3427584e-15  -9.6052206e-15   3.5943825e-15  -1.1342449e-17  -3.9915018e-17   1.0197091e-17   2.4252190e-14   4.5423617e-17  -7.1568815e-15  -3.7033990e-17  -6.6908585e-18  -3.1419747e-17  -2.1042030e-15   8.8873434e-15   2.0162550e-14   1.1888878e-17  -4.1254935e-17  -6.2483077e-17   3.2047899e-03  -1.4018625e-02   4.9472004e-03  -5.1839717e-15   5.3674941e-15  -8.2217293e-15   9.8434006e-03  -1.3023863e-02  -1.7679081e-02  -9.5298230e-15   8.9263292e-16   1.1450556e-14   2.4533581e-02  -6.7831434e-03  -6.1970690e-03  -2.4473727e-14   3.4355858e-15  -1.9745767e-14
  -1.1237216e-14   3.4303317e-15   6.0234308e-15   1.6473672e-17   4.0079759e-17  -3.1499531e-17   1.0022611e-14   1.8326675e-14  -3.7004353e-15   4.6848073e-17  -1.5388920e-17   3.4367198e-18  -1.9195327e-15   1.3780639e-14   9.2267337e-15  -2.4565780e-17  -6.6792417e-18  -1.0959075e-18   3.6637267e-03  -1.3223916e-03   1.7887127e-02  -7.1587984e-15  -4.3899658e-15  -1.8312219e-14  -1.8780841e-02  -4.0616769e-03   4.6881950e-03   2.5184285e-15  -4.7668645e-15   2.5460815e-15  -6.7831434e-03   1.8602372e-02   4.0540863e-03  -2.9090370e-15   7.1295898e-15  -2.0122962e-14
  -3.7103553e-16  -4.2278805e-15  -4.2535042e-15   3.7500691e-17   2.5455621e-17   1.3828392e-17  -2.0893520e-14   7.9812100e-15   1.8582564e-14   2.2511424e-17   5.1797408e-17   3.1822256e-17   6.9520370e-15  -2.0771826e-14   2.4308729e-14  -6.2069751e-18   6.7082790e-17   1.1586738e-16  -1.4407420e-02  -1.1698306e-02  -1.8824006e-03   1.3565984e-14   1.1886858e-14   1.8020569e-14  -1.1377650e-02   1.4320550e-02  -5.7817246e-03   1.3468236e-14  -3.6765450e-15   1.3715170e-14  -6.1970690e-03   4.0540863e-03   1.7868688e-02   2.1291397e-14  -1.7906086e-14  -1.6806775e-14
   3.9480919e-03   2.0808663e-02  -2.2558545e-03   8.5379456e-15   2.5717440e-15  -1.4559619e-14  -2.0182127e-02   1.3443129e-02  -2.9786177e-04   1.9555313e-14  -7.0122380e-16   1.5057021e-14   8.6065133e-03  -1.0993351e-02  -1.9420604e-03   4.0203630e-15   1.1326290e-14  -8.5025620e-15  -1.1844360e-14  -9.8988476e-15   1.1238463e-14   1.1349835e-10   4.9471411e-10  -1.2291902e-09  -1.5141535e-15   4.3502726e-15   1.7096155e-14   2.5041537e-11  -5.4463054e-10  -5.0225937e-10  -2.4473727e-14  -2.9090370e-15   2.1291397e-14   3.5220672e-02  -8.2005233e-10  -3.4822179e-10
  -1.9354910e-02   6.9566842e-03  -2.6690665e-03   1.9485369e-14   5.0668999e-15   1.0320190e-14   1.6861328e-02   7.0446602e-03  -9.2745605e-03  -1.1526535e-14   6.4747764e-15  -8.1773501e-15   2.5528298e-03  -1.0391476e-02  -1.6610773e-02   2.2370078e-15   1.0915571e-14   1.4308243e-14   1.0072757e-14  -7.7789298e-16  -8.6355598e-15   3.9057579e-10  -1.0713179e-09  -7.8587578e-10  -6.5569570e-15   8.0307399e-15   1.4146624e-15  -5.1057877e-10  -5.4421891e-10   3.2675764e-10   3.4355858e-15   7.1295898e-15  -1.7906086e-14  -8.2005233e-10   3.5220667e-02  -1.8844425e-09
   1.5634982e-02  -8.9305729e-03  -5.6993173e-03  -1.5168793e-14  -8.2199171e-16  -5.6380972e-15  -6.0606879e-03  -1.0570180e-02  -9.1632083e-03   2.9353233e-15   7.6567916e-15   2.6099485e-14   7.2829149e-03  -1.6574826e-03  -2.4404822e-02  -1.2695271e-14   7.8636356e-15   2.2584382e-14  -1.1395756e-14   3.5425750e-15  -1.2509104e-15  -3.0917183e-10   2.7319724e-10  -1.0482370e-09   1.8721377e-14  -1.0378561e-14   1.5326385e-14  -8.0077703e-10  -1.8803307e-11  -2.1467823e-10  -1.9745767e-14  -2.0122962e-14  -1.6806775e-14  -3.4822179e-10  -1.8844425e-09   3.5220667e-02
